# Frame list with one line of data per frame:
#   FRAME_ID, RIG_ID, RIG_FROM_WORLD[QW, QX, QY, QZ, TX, TY, TZ], NUM_DATA_IDS, DATA_IDS[] as (SENSOR_TYPE, SENSOR_ID, DATA_ID)
# Number of frames: 29
1 1 0.99976637457251472 0.0189326572107264 -0.010403424187338214 -0.00072078446830746109 0.046532063907508275 -0.19410964626045238 3.8339689822477396 1 CAMERA 1 1
2 1 0.99905536320859289 0.017447624745096851 0.039136985967254345 0.0072289670285357712 -0.12763742416897622 -0.1914978726185266 3.6825310556962232 1 CAMERA 1 2
3 1 0.99652950887580383 0.014964547858804933 0.081440307680379173 0.0085133149862968716 -0.19959936014571777 -0.18977372076713048 3.5433276926617361 1 CAMERA 1 3
4 1 0.996764501994024 0.014993803131785423 0.07874575799420698 0.0059007652188939356 -0.17135161735843266 -0.24842979951314983 3.4136342545192879 1 CAMERA 1 4
5 1 0.9986369003340666 0.0039268989951175889 0.051766610135439227 0.005398039508476264 -0.25741694357314526 -0.19195378579649863 3.5073168864172937 1 CAMERA 1 5
6 1 0.99999503878183693 0.0026895268065726579 -0.0006778461581985728 0.0014931114677729982 -0.55983521921520696 -0.043337837108426383 3.8532270123096524 1 CAMERA 1 6
7 1 0.99822564673973235 -0.0032742527302583742 -0.059247993391409924 -0.0049510341539065819 -0.79240052830788754 0.32051112979582624 4.6207826219794237 1 CAMERA 1 7
8 1 0.99164323085381678 0.0035458178845277281 -0.12634726456185733 -0.025835994563197434 -1.3281621039164184 0.55366026049525374 5.0166849227067241 1 CAMERA 1 8
9 1 0.98692323728721787 -0.0072430483197136108 -0.15860028994821346 -0.027856955718436712 -1.3206717305241933 0.49494314500168918 4.5415699007374162 1 CAMERA 1 9
10 1 0.97314845512724579 -0.016391115691229065 -0.22730156046747629 -0.032363810327306564 -0.61919770524037865 -0.096407602908821208 2.9382545868442014 1 CAMERA 1 10
11 1 0.94265068485426662 -0.014555576890553302 -0.33034744551876183 -0.04547952027444923 0.4888457124270254 -0.36816360634675538 2.2691598786587814 1 CAMERA 1 11
12 1 0.91485163320690754 -0.013487561907510177 -0.39947821961911334 -0.057286359130150233 0.82375492357920632 -0.29729032137296735 2.0734541146522956 1 CAMERA 1 12
13 1 0.86507561447389969 -0.019404519483042209 -0.49653921425937908 -0.068676448429686107 0.74771475294268797 -0.11760400990042658 1.8648652153920258 1 CAMERA 1 13
14 1 0.81853869731378537 -0.01576322678010468 -0.57024845496083609 -0.067547178298651214 0.93446597481261495 -0.20386791615862829 2.0547240352584599 1 CAMERA 1 14
15 1 0.7917153005122286 -0.016255412062868759 -0.60696029618977887 -0.067244653041813054 1.0096680793560502 -0.24370395663124506 2.3464530591706385 1 CAMERA 1 15
16 1 0.7741170392383212 -0.017149323253033373 -0.6289039102487527 -0.070203859913024039 1.1379639057741651 -0.3115187336428682 2.4646058305342091 1 CAMERA 1 16
17 1 0.76254206963724025 -0.0097580544391225772 -0.64301025092906916 -0.070513754736597489 1.2262982558855466 -0.4271433650758491 1.5384906350059029 1 CAMERA 1 17
18 1 0.74119211637888616 -0.033643216935939538 -0.6672484921789027 -0.065435695587118106 1.3000383986788444 -0.060796716303186712 -0.33489459339681915 1 CAMERA 1 18
19 1 0.66247943964695322 -0.022116728283874725 -0.74349389354464179 -0.088592734673364024 1.820471349399895 -0.043385130811610481 -1.219044167392987 1 CAMERA 1 19
20 1 0.57873681547089284 -0.029910216136822734 -0.80698626432288822 -0.11376399511026362 3.4104288180091396 -0.36246803191686583 -0.52646888203622855 1 CAMERA 1 20
21 1 0.53992849775772989 -0.019852954454074451 -0.83349064899418623 -0.11565645484699796 3.8338232511808905 -0.62006289367656564 0.25391326545522819 1 CAMERA 1 21
22 1 0.53710664463934443 -0.017611158534352321 -0.83429678445283662 -0.12310635577012308 3.9786031926251924 -0.73700807776988664 0.44641042272810627 1 CAMERA 1 22
23 1 0.59820592484264312 -0.010123556068286028 -0.79394100882431096 -0.10818899945339132 4.7245838208047024 -0.58663825370521827 0.0040528595544657049 1 CAMERA 1 23
24 1 0.64153683790499616 -0.007262248693294217 -0.76044259528603397 -0.1005226572938494 5.226050050698376 -0.4747499435837082 -0.60533319855940937 1 CAMERA 1 24
25 1 0.61471373323944833 -0.0032504678896332359 -0.78133753742194767 -0.10783372960593259 4.9418305849355137 -0.57839567701249028 -0.35543001750688136 1 CAMERA 1 25
26 1 0.53838153817596635 -0.0080403599685683717 -0.83265638527009522 -0.12947592838746255 3.9814257450595938 -0.8867537407704662 0.58478794365955256 1 CAMERA 1 26
27 1 -0.4586951536006344 0.032853112815304342 0.88065663988164089 0.11385653988249142 2.966066167273858 -0.68871927748324746 1.4883093640115359 1 CAMERA 1 27
28 1 -0.40720137230733605 0.034425747478624487 0.90255833397385565 0.1356110765236323 2.0802188780144366 -0.83634127090068777 1.5601232579335831 1 CAMERA 1 28
29 1 -0.33001529786661016 0.02474630360139168 0.92667922936203428 0.17816601668406559 -0.10054043948741967 -1.3118406775120919 1.2846181746710466 1 CAMERA 1 29
