# Frame list with one line of data per frame:
#   FRAME_ID, RIG_ID, RIG_FROM_WORLD[QW, QX, QY, QZ, TX, TY, TZ], NUM_DATA_IDS, DATA_IDS[] as (SENSOR_TYPE, SENSOR_ID, DATA_ID)
# Number of frames: 51
10 1 0.38782636178194896 0.026153064991331857 0.91057037800715157 0.14059984706410358 2.2164063574256909 0.19260659848946529 -1.4567594615552744 1 CAMERA 1 10
11 1 0.45632953217182232 0.028294923036849003 0.87789952704120022 0.14232067951995431 2.2359413620624835 0.15910120539084255 -1.2629688759875388 1 CAMERA 1 11
12 1 0.51110101490539583 0.029017045479734487 0.84772283911514323 0.13892354615709465 2.2985797578308533 0.10809683003716364 -1.0409290265788291 1 CAMERA 1 12
13 1 0.60607214946032428 0.021206483045387001 0.78473203646262857 0.12815016845327998 2.5921065145317805 0.073060595728127245 -0.55047842277450942 1 CAMERA 1 13
14 1 0.67246163699330463 0.0078174623683168066 0.72882356153411876 0.12864855307047796 2.7410276621507217 0.076220866203602702 -0.065149167441196365 1 CAMERA 1 14
15 1 0.7055564365708491 0.0011074785763459476 0.69733827808185367 0.1261277694502034 2.7882355568007893 0.071717431336824358 0.23626048261799307 1 CAMERA 1 15
16 1 0.72535563029646311 -0.00044259016900132539 0.67730110926382769 0.12297244041309241 2.8203650302768168 0.035678515321790456 0.40612858880312586 1 CAMERA 1 16
17 1 0.73783711173704358 -0.0010539395946396414 0.66240753912266481 0.12965931462229655 2.8431067353507595 0.04299209052305971 0.30174372255059523 1 CAMERA 1 17
18 1 0.75933963329931276 -0.014110254528538525 0.64209821142290824 0.10447061264062414 2.8533841151749839 0.066578117019402125 0.042278024073541552 1 CAMERA 1 18
19 1 0.82747434242874052 -0.0055128250762643176 0.55184400787598464 0.10355680737243757 2.850391670233384 -0.010230838471995829 0.41386324142957803 1 CAMERA 1 19
20 1 0.88379185122713033 0.0039133839797779848 0.46058533241257998 0.08220584344644831 2.9873194929815168 -0.23079697731922785 1.0598189050704472 1 CAMERA 1 20
21 1 0.9049880185548832 0.00095019419256882158 0.41648419614579063 0.08681415647172612 2.9539612839441931 -0.28399387883529731 1.4430204413428149 1 CAMERA 1 21
22 1 0.90653448636033029 0.0082141772442228637 0.41284892517250099 0.087655674747978196 2.9767101030301664 -0.3431904373406981 1.4961755856609995 1 CAMERA 1 22
23 1 0.8715202376983463 0.0037699384015155257 0.47897132827863664 0.10499871205717436 3.337504707904698 -0.20972851870236067 1.0724450018377696 1 CAMERA 1 23
24 1 0.84235744418089087 0.0043015115137513141 0.52661075153248149 0.11444015729685909 3.5609072364025915 -0.12702655398978002 0.67764338741072661 1 CAMERA 1 24
25 1 0.86074836523863885 0.0071546897606766984 0.49607195894304329 0.11390203555622232 3.4308326422291104 -0.18589344645302552 0.8985081103767818 1 CAMERA 1 25
26 1 0.90571874446127265 0.016161585192837943 0.41246040606386514 0.096378278285006419 2.981577383370988 -0.38916482311152478 1.5190615031975179 1 CAMERA 1 26
27 1 0.94142029125986837 -0.014006257780559228 0.33097246556150894 0.06315763601739012 2.4480024826491102 -0.31994782267096789 2.090706348021476 1 CAMERA 1 27
28 1 0.95975661833576265 0.001460083330888471 0.27601738008499294 0.051763960516798498 2.023016619789427 -0.46262408251547582 2.2925182323478439 1 CAMERA 1 28
29 1 0.97949610979200541 0.037713665169163919 0.19271817610897501 0.044997277240587469 1.1655189329253062 -0.77252382651699458 2.4357821597819815 1 CAMERA 1 29
30 1 0.99945816739935711 0.027355755818880854 0.017353026579572339 -0.0058229469193065674 -0.37313075258865408 -0.70406992389038314 2.3565915401257067 1 CAMERA 1 30
31 1 0.98867458052574653 0.035832879679784137 -0.13836657018702539 -0.045752276563819083 -1.5184802046323329 -0.54430967903942729 1.7559147311568091 1 CAMERA 1 31
32 1 0.99296582102035646 0.034792456064693562 -0.1118580515528072 -0.017208706783639734 -1.3768333209971904 -0.4604474219520277 1.4180989272213262 1 CAMERA 1 32
33 1 0.99682928139381854 0.032088819167918475 -0.071626453441679866 -0.013089790206837423 -1.2146065035647595 -0.33118100970222769 1.1617412530608446 1 CAMERA 1 33
34 1 0.99980502298446772 -0.0096262395105852633 0.017238195030007057 0.00031009679202267406 -1.0655949367530124 -0.14420382206523424 1.0311616027492434 1 CAMERA 1 34
35 1 0.99935529151526281 -0.0042096696858264756 0.035594934348710867 0.0020689732456752596 -1.2062161658352992 -0.1001756324447141 0.83174127222937499 1 CAMERA 1 35
36 1 0.99993427440409077 -0.004755436643336575 -0.0042872165934157141 0.0095106502499547555 -1.4309858378733498 -0.086385590237766319 0.60268998284878628 1 CAMERA 1 36
37 1 0.99834198000324936 -0.019574002949521187 -0.054099155480632197 0.0018522278494649161 -1.5032631419274145 0.01586156462246836 0.23554280709221648 1 CAMERA 1 37
38 1 0.99824530834069114 -0.048331218971975683 -0.026072525021911829 0.022149968114271022 -1.2601176467974149 0.06402243969951979 0.025560161857289741 1 CAMERA 1 38
39 1 0.99652073865471535 -0.036437586759353102 0.068145966383545281 0.031222539420554703 -1.1236467384774189 0.033529697956164894 0.039217590526267852 1 CAMERA 1 39
40 1 0.98549410624973466 -0.034591529256833543 0.16218201067350052 0.036080300228947128 -1.3029148908156112 0.0079138632347347752 -0.055822719874036635 1 CAMERA 1 40
41 1 0.95803274810885164 0.012149410897701553 0.28057935051819294 0.057453228182839815 -1.5912590081920222 -0.00249469672946309 0.0095974927474922669 1 CAMERA 1 41
42 1 0.92719772256187083 0.020711286470175568 0.36131245990321725 0.096585362283921228 -1.6564396145776421 -0.17084681981735425 -0.067097380527810085 1 CAMERA 1 42
43 1 0.88230537583634583 -0.014038994472190652 0.45859103193223749 0.1050447325467592 -1.8124766650819004 -0.10947719415338059 0.0066465538672854834 1 CAMERA 1 43
44 1 0.79053369556282338 0.011997916595512751 0.60312400688106016 0.10561230279132999 -1.9658734138599412 -0.076961866407919174 0.36243281971014968 1 CAMERA 1 44
45 1 0.69207865054138251 0.02812900839077536 0.71165682779428763 0.11739020319235521 -2.0585234587757797 -0.065871551271141998 0.82405105797456679 1 CAMERA 1 45
46 1 0.67658285556821274 0.0067908021492769314 0.73509781902135796 0.042669907749789342 -2.2489985224884879 0.29575890133349925 0.80456890432868511 1 CAMERA 1 46
47 1 0.80000055811163684 -0.020791152796636358 0.59725830440396699 0.053379329397761507 -2.8253251095896852 0.28760515253747365 -0.57882815290132106 1 CAMERA 1 47
48 1 0.91025995059786069 -0.0011477266446729729 0.40726405601664228 0.074575423150007231 -2.6926924587329704 0.33210083051566552 -2.2445397903932331 1 CAMERA 1 48
49 1 0.96610789587148305 -0.020847537657520399 0.24909661783244968 0.064434375086815959 -2.1142449967742287 0.36674363343981725 -3.4457538741435143 1 CAMERA 1 49
50 1 0.99393592590862989 -0.025152286326868712 0.096454762153373022 0.046424309780783546 -0.93787129157734683 0.47133053705227507 -4.3133256350180798 1 CAMERA 1 50
51 1 0.98559381909597521 -0.010370172414639863 0.15961418147374937 0.054959952295883692 -1.0835543191983077 0.67974710171260488 -4.5988076153996724 1 CAMERA 1 51
52 1 0.94929738404394537 0.0077629244284278818 0.30596863630699223 0.071815090670973955 -2.3546136615192492 0.76184944878240801 -4.5561274634948576 1 CAMERA 1 52
53 1 0.89421480670484377 0.022327379373388603 0.43913525827178668 0.083914197503800164 -3.8298824240977716 0.94691881639744124 -4.1883212253833237 1 CAMERA 1 53
54 1 0.89669439052345246 0.005046212886531269 0.43075463126415459 0.10180448606893581 -3.9020237124632358 0.77684110349165969 -4.7772170488320791 1 CAMERA 1 54
55 1 0.86251505789350724 0.013875539440132197 0.49533217089378873 0.10257331421891382 -4.5955921236221275 0.90457554433406839 -4.6117162556391325 1 CAMERA 1 55
56 1 0.82389208841474215 0.01822056361444967 0.55528891095905974 0.11191096047782023 -5.5569840762317719 0.85428544685975139 -4.126410391930694 1 CAMERA 1 56
57 1 0.80478852934869383 0.03747268998469877 0.57945968924495594 0.12303531636979831 -6.2534034807001966 1.0303894078643194 -3.8288339526823396 1 CAMERA 1 57
58 1 0.80108866156036962 0.012328929294682047 0.5808783604309139 0.14382379568400935 -6.5403408899657141 0.64484989282029281 -4.1560143366372371 1 CAMERA 1 58
59 1 0.7775602906887259 -0.003918397620597854 0.61023742011574544 0.15164079792269142 -6.8857107151445778 0.35864194752726941 -4.0074236933657268 1 CAMERA 1 59
60 1 0.72795746728610355 0.013094708352386249 0.66984373767915018 0.14565651900136015 -7.5650701847543989 0.48286230124711343 -3.0402254521957639 1 CAMERA 1 60
